{
 "cells": [
  {
   "cell_type": "markdown",
   "metadata": {},
   "source": [
    "# Housing"
   ]
  },
  {
   "cell_type": "markdown",
   "metadata": {},
   "source": [
    "## Overview\n",
    "\n",
    "For this project, we use multiple linear regression modeling to analyze house sales in a King County, a large county located in the State of Washington."
   ]
  },
  {
   "cell_type": "markdown",
   "metadata": {},
   "source": [
    "## Business Understanding\n",
    "\n",
    "Flatiron Development LLC is a new residential real estate agency trying to enter the market in Washington King County. They have engaged us to help them analyze recent sales data (2021 - 2022) and provide recommendations on how to best enter the market. Specifcally, they've asked that we focus on single family homes, consider areas near a business center (i.e., Seattle), and consider luxury homes in our analysis, in addition to your more common homes in the area."
   ]
  },
  {
   "cell_type": "markdown",
   "metadata": {},
   "source": [
    "## Data Understanding"
   ]
  },
  {
   "cell_type": "markdown",
   "metadata": {},
   "source": [
    "This project uses the King County House Sales dataset, which can be found in kc_house_data.csv in the data folder of this project's GitHub repository. The description of the column names can be found in column_names.md in the same folder. The dataset was pulled from \n",
    "\n",
    "The address, lat, and long fields have been retrieved using a third-party geocoding API. In some cases due to missing or incorrectly-entered data from the King County Assessor, this API returned locations outside of King County, WA. If you plan to use the address, lat, or long fields in your modeling, consider identifying outliers prior to including the values in your model."
   ]
  },
  {
   "cell_type": "markdown",
   "metadata": {},
   "source": [
    "### IMPORTS AND DATA"
   ]
  },
  {
   "cell_type": "code",
   "execution_count": 20,
   "metadata": {},
   "outputs": [],
   "source": [
    "import pandas as pd\n",
    "import numpy as np\n",
    "import statsmodels.api as sm\n",
    "from statsmodels.formula.api import ols\n",
    "from sklearn.preprocessing import StandardScaler\n",
    "import seaborn as sns\n",
    "from matplotlib import pyplot as plt\n",
    "%matplotlib inline"
   ]
  },
  {
   "cell_type": "markdown",
   "metadata": {},
   "source": [
    "#### Reading the csv into a DataFrame"
   ]
  },
  {
   "cell_type": "code",
   "execution_count": 21,
   "metadata": {},
   "outputs": [],
   "source": [
    "houses = pd.read_csv('data/kc_house_data.csv')"
   ]
  },
  {
   "cell_type": "code",
   "execution_count": 22,
   "metadata": {
    "scrolled": false
   },
   "outputs": [
    {
     "data": {
      "text/html": [
       "<div>\n",
       "<style scoped>\n",
       "    .dataframe tbody tr th:only-of-type {\n",
       "        vertical-align: middle;\n",
       "    }\n",
       "\n",
       "    .dataframe tbody tr th {\n",
       "        vertical-align: top;\n",
       "    }\n",
       "\n",
       "    .dataframe thead th {\n",
       "        text-align: right;\n",
       "    }\n",
       "</style>\n",
       "<table border=\"1\" class=\"dataframe\">\n",
       "  <thead>\n",
       "    <tr style=\"text-align: right;\">\n",
       "      <th></th>\n",
       "      <th>id</th>\n",
       "      <th>date</th>\n",
       "      <th>price</th>\n",
       "      <th>bedrooms</th>\n",
       "      <th>bathrooms</th>\n",
       "      <th>sqft_living</th>\n",
       "      <th>sqft_lot</th>\n",
       "      <th>floors</th>\n",
       "      <th>waterfront</th>\n",
       "      <th>greenbelt</th>\n",
       "      <th>...</th>\n",
       "      <th>sewer_system</th>\n",
       "      <th>sqft_above</th>\n",
       "      <th>sqft_basement</th>\n",
       "      <th>sqft_garage</th>\n",
       "      <th>sqft_patio</th>\n",
       "      <th>yr_built</th>\n",
       "      <th>yr_renovated</th>\n",
       "      <th>address</th>\n",
       "      <th>lat</th>\n",
       "      <th>long</th>\n",
       "    </tr>\n",
       "  </thead>\n",
       "  <tbody>\n",
       "    <tr>\n",
       "      <th>0</th>\n",
       "      <td>7399300360</td>\n",
       "      <td>5/24/2022</td>\n",
       "      <td>675000.0</td>\n",
       "      <td>4</td>\n",
       "      <td>1.0</td>\n",
       "      <td>1180</td>\n",
       "      <td>7140</td>\n",
       "      <td>1.0</td>\n",
       "      <td>NO</td>\n",
       "      <td>NO</td>\n",
       "      <td>...</td>\n",
       "      <td>PUBLIC</td>\n",
       "      <td>1180</td>\n",
       "      <td>0</td>\n",
       "      <td>0</td>\n",
       "      <td>40</td>\n",
       "      <td>1969</td>\n",
       "      <td>0</td>\n",
       "      <td>2102 Southeast 21st Court, Renton, Washington ...</td>\n",
       "      <td>47.461975</td>\n",
       "      <td>-122.19052</td>\n",
       "    </tr>\n",
       "    <tr>\n",
       "      <th>1</th>\n",
       "      <td>8910500230</td>\n",
       "      <td>12/13/2021</td>\n",
       "      <td>920000.0</td>\n",
       "      <td>5</td>\n",
       "      <td>2.5</td>\n",
       "      <td>2770</td>\n",
       "      <td>6703</td>\n",
       "      <td>1.0</td>\n",
       "      <td>NO</td>\n",
       "      <td>NO</td>\n",
       "      <td>...</td>\n",
       "      <td>PUBLIC</td>\n",
       "      <td>1570</td>\n",
       "      <td>1570</td>\n",
       "      <td>0</td>\n",
       "      <td>240</td>\n",
       "      <td>1950</td>\n",
       "      <td>0</td>\n",
       "      <td>11231 Greenwood Avenue North, Seattle, Washing...</td>\n",
       "      <td>47.711525</td>\n",
       "      <td>-122.35591</td>\n",
       "    </tr>\n",
       "    <tr>\n",
       "      <th>2</th>\n",
       "      <td>1180000275</td>\n",
       "      <td>9/29/2021</td>\n",
       "      <td>311000.0</td>\n",
       "      <td>6</td>\n",
       "      <td>2.0</td>\n",
       "      <td>2880</td>\n",
       "      <td>6156</td>\n",
       "      <td>1.0</td>\n",
       "      <td>NO</td>\n",
       "      <td>NO</td>\n",
       "      <td>...</td>\n",
       "      <td>PUBLIC</td>\n",
       "      <td>1580</td>\n",
       "      <td>1580</td>\n",
       "      <td>0</td>\n",
       "      <td>0</td>\n",
       "      <td>1956</td>\n",
       "      <td>0</td>\n",
       "      <td>8504 South 113th Street, Seattle, Washington 9...</td>\n",
       "      <td>47.502045</td>\n",
       "      <td>-122.22520</td>\n",
       "    </tr>\n",
       "    <tr>\n",
       "      <th>3</th>\n",
       "      <td>1604601802</td>\n",
       "      <td>12/14/2021</td>\n",
       "      <td>775000.0</td>\n",
       "      <td>3</td>\n",
       "      <td>3.0</td>\n",
       "      <td>2160</td>\n",
       "      <td>1400</td>\n",
       "      <td>2.0</td>\n",
       "      <td>NO</td>\n",
       "      <td>NO</td>\n",
       "      <td>...</td>\n",
       "      <td>PUBLIC</td>\n",
       "      <td>1090</td>\n",
       "      <td>1070</td>\n",
       "      <td>200</td>\n",
       "      <td>270</td>\n",
       "      <td>2010</td>\n",
       "      <td>0</td>\n",
       "      <td>4079 Letitia Avenue South, Seattle, Washington...</td>\n",
       "      <td>47.566110</td>\n",
       "      <td>-122.29020</td>\n",
       "    </tr>\n",
       "    <tr>\n",
       "      <th>4</th>\n",
       "      <td>8562780790</td>\n",
       "      <td>8/24/2021</td>\n",
       "      <td>592500.0</td>\n",
       "      <td>2</td>\n",
       "      <td>2.0</td>\n",
       "      <td>1120</td>\n",
       "      <td>758</td>\n",
       "      <td>2.0</td>\n",
       "      <td>NO</td>\n",
       "      <td>NO</td>\n",
       "      <td>...</td>\n",
       "      <td>PUBLIC</td>\n",
       "      <td>1120</td>\n",
       "      <td>550</td>\n",
       "      <td>550</td>\n",
       "      <td>30</td>\n",
       "      <td>2012</td>\n",
       "      <td>0</td>\n",
       "      <td>2193 Northwest Talus Drive, Issaquah, Washingt...</td>\n",
       "      <td>47.532470</td>\n",
       "      <td>-122.07188</td>\n",
       "    </tr>\n",
       "  </tbody>\n",
       "</table>\n",
       "<p>5 rows × 25 columns</p>\n",
       "</div>"
      ],
      "text/plain": [
       "           id        date     price  bedrooms  bathrooms  sqft_living  \\\n",
       "0  7399300360   5/24/2022  675000.0         4        1.0         1180   \n",
       "1  8910500230  12/13/2021  920000.0         5        2.5         2770   \n",
       "2  1180000275   9/29/2021  311000.0         6        2.0         2880   \n",
       "3  1604601802  12/14/2021  775000.0         3        3.0         2160   \n",
       "4  8562780790   8/24/2021  592500.0         2        2.0         1120   \n",
       "\n",
       "   sqft_lot  floors waterfront greenbelt  ... sewer_system sqft_above  \\\n",
       "0      7140     1.0         NO        NO  ...       PUBLIC       1180   \n",
       "1      6703     1.0         NO        NO  ...       PUBLIC       1570   \n",
       "2      6156     1.0         NO        NO  ...       PUBLIC       1580   \n",
       "3      1400     2.0         NO        NO  ...       PUBLIC       1090   \n",
       "4       758     2.0         NO        NO  ...       PUBLIC       1120   \n",
       "\n",
       "  sqft_basement sqft_garage sqft_patio yr_built  yr_renovated  \\\n",
       "0             0           0         40     1969             0   \n",
       "1          1570           0        240     1950             0   \n",
       "2          1580           0          0     1956             0   \n",
       "3          1070         200        270     2010             0   \n",
       "4           550         550         30     2012             0   \n",
       "\n",
       "                                             address        lat       long  \n",
       "0  2102 Southeast 21st Court, Renton, Washington ...  47.461975 -122.19052  \n",
       "1  11231 Greenwood Avenue North, Seattle, Washing...  47.711525 -122.35591  \n",
       "2  8504 South 113th Street, Seattle, Washington 9...  47.502045 -122.22520  \n",
       "3  4079 Letitia Avenue South, Seattle, Washington...  47.566110 -122.29020  \n",
       "4  2193 Northwest Talus Drive, Issaquah, Washingt...  47.532470 -122.07188  \n",
       "\n",
       "[5 rows x 25 columns]"
      ]
     },
     "metadata": {},
     "output_type": "display_data"
    },
    {
     "name": "stdout",
     "output_type": "stream",
     "text": [
      "<class 'pandas.core.frame.DataFrame'>\n",
      "RangeIndex: 30155 entries, 0 to 30154\n",
      "Data columns (total 25 columns):\n",
      " #   Column         Non-Null Count  Dtype  \n",
      "---  ------         --------------  -----  \n",
      " 0   id             30155 non-null  int64  \n",
      " 1   date           30155 non-null  object \n",
      " 2   price          30155 non-null  float64\n",
      " 3   bedrooms       30155 non-null  int64  \n",
      " 4   bathrooms      30155 non-null  float64\n",
      " 5   sqft_living    30155 non-null  int64  \n",
      " 6   sqft_lot       30155 non-null  int64  \n",
      " 7   floors         30155 non-null  float64\n",
      " 8   waterfront     30155 non-null  object \n",
      " 9   greenbelt      30155 non-null  object \n",
      " 10  nuisance       30155 non-null  object \n",
      " 11  view           30155 non-null  object \n",
      " 12  condition      30155 non-null  object \n",
      " 13  grade          30155 non-null  object \n",
      " 14  heat_source    30123 non-null  object \n",
      " 15  sewer_system   30141 non-null  object \n",
      " 16  sqft_above     30155 non-null  int64  \n",
      " 17  sqft_basement  30155 non-null  int64  \n",
      " 18  sqft_garage    30155 non-null  int64  \n",
      " 19  sqft_patio     30155 non-null  int64  \n",
      " 20  yr_built       30155 non-null  int64  \n",
      " 21  yr_renovated   30155 non-null  int64  \n",
      " 22  address        30155 non-null  object \n",
      " 23  lat            30155 non-null  float64\n",
      " 24  long           30155 non-null  float64\n",
      "dtypes: float64(5), int64(10), object(10)\n",
      "memory usage: 5.8+ MB\n"
     ]
    },
    {
     "data": {
      "text/plain": [
       "None"
      ]
     },
     "metadata": {},
     "output_type": "display_data"
    }
   ],
   "source": [
    "display(houses.head())\n",
    "display(houses.info())"
   ]
  },
  {
   "cell_type": "markdown",
   "metadata": {},
   "source": [
    "We can see .... [our initial thoughts of raw dataframe]"
   ]
  },
  {
   "cell_type": "markdown",
   "metadata": {},
   "source": [
    "Define function"
   ]
  },
  {
   "cell_type": "code",
   "execution_count": 23,
   "metadata": {},
   "outputs": [],
   "source": [
    "def city(address):\n",
    "    address_list = address.split(',')\n",
    "    if len(address_list) == 6:\n",
    "        city = address_list[3].strip()\n",
    "    elif len(address_list) == 5:\n",
    "        city = address_list[2].strip()\n",
    "    else:\n",
    "        city = address_list[1].strip()\n",
    "    return city\n",
    "\n",
    "def state(address):\n",
    "    address_list = address.split(',')\n",
    "    if len(address_list) == 6:\n",
    "        statezip = address_list[4].split()\n",
    "    elif len(address_list) == 5:\n",
    "        statezip = address_list[3].split()\n",
    "    else:\n",
    "        statezip = address_list[2].split()\n",
    "        \n",
    "    if len(statezip) > 2:\n",
    "        state = statezip[0] + ' ' + statezip[1]\n",
    "    else:\n",
    "        state = statezip[0]\n",
    "    return state\n",
    "\n",
    "def zipcode(address):\n",
    "    address_list = address.split(',')\n",
    "    zipcode = address_list[-2].split()[-1]\n",
    "    return zipcode"
   ]
  },
  {
   "cell_type": "code",
   "execution_count": 24,
   "metadata": {},
   "outputs": [],
   "source": [
    "houses['city'] = houses['address'].map(city)\n",
    "houses['zipcode'] = houses['address'].map(zipcode)\n",
    "houses['state'] = houses['address'].map(state)"
   ]
  },
  {
   "cell_type": "code",
   "execution_count": 25,
   "metadata": {},
   "outputs": [],
   "source": [
    "#Changing date to datetime and then creating a separate column for year\n",
    "houses['date'] = pd.to_datetime(houses['date'], infer_datetime_format=True)\n",
    "# feature engineering \n",
    "# making a 'yr_sold' column using the year from 'date'\n",
    "houses['yr_sold'] = pd.to_datetime(houses['date'], infer_datetime_format=True).dt.year"
   ]
  },
  {
   "cell_type": "code",
   "execution_count": 26,
   "metadata": {
    "scrolled": false
   },
   "outputs": [
    {
     "data": {
      "text/html": [
       "<div>\n",
       "<style scoped>\n",
       "    .dataframe tbody tr th:only-of-type {\n",
       "        vertical-align: middle;\n",
       "    }\n",
       "\n",
       "    .dataframe tbody tr th {\n",
       "        vertical-align: top;\n",
       "    }\n",
       "\n",
       "    .dataframe thead th {\n",
       "        text-align: right;\n",
       "    }\n",
       "</style>\n",
       "<table border=\"1\" class=\"dataframe\">\n",
       "  <thead>\n",
       "    <tr style=\"text-align: right;\">\n",
       "      <th></th>\n",
       "      <th>id</th>\n",
       "      <th>price</th>\n",
       "      <th>bedrooms</th>\n",
       "      <th>bathrooms</th>\n",
       "      <th>sqft_living</th>\n",
       "      <th>sqft_lot</th>\n",
       "      <th>floors</th>\n",
       "      <th>sqft_above</th>\n",
       "      <th>sqft_basement</th>\n",
       "      <th>sqft_garage</th>\n",
       "      <th>sqft_patio</th>\n",
       "      <th>yr_built</th>\n",
       "      <th>yr_renovated</th>\n",
       "      <th>lat</th>\n",
       "      <th>long</th>\n",
       "      <th>yr_sold</th>\n",
       "    </tr>\n",
       "  </thead>\n",
       "  <tbody>\n",
       "    <tr>\n",
       "      <th>id</th>\n",
       "      <td>1.000000</td>\n",
       "      <td>-0.034184</td>\n",
       "      <td>-0.006306</td>\n",
       "      <td>-0.012094</td>\n",
       "      <td>-0.027932</td>\n",
       "      <td>-0.119101</td>\n",
       "      <td>0.032043</td>\n",
       "      <td>-0.023216</td>\n",
       "      <td>-0.014662</td>\n",
       "      <td>-0.007829</td>\n",
       "      <td>-0.041625</td>\n",
       "      <td>0.023071</td>\n",
       "      <td>-0.029131</td>\n",
       "      <td>-0.000691</td>\n",
       "      <td>0.000479</td>\n",
       "      <td>-0.009077</td>\n",
       "    </tr>\n",
       "    <tr>\n",
       "      <th>price</th>\n",
       "      <td>-0.034184</td>\n",
       "      <td>1.000000</td>\n",
       "      <td>0.289204</td>\n",
       "      <td>0.480401</td>\n",
       "      <td>0.608521</td>\n",
       "      <td>0.085730</td>\n",
       "      <td>0.180576</td>\n",
       "      <td>0.538651</td>\n",
       "      <td>0.245058</td>\n",
       "      <td>0.264169</td>\n",
       "      <td>0.313409</td>\n",
       "      <td>0.096013</td>\n",
       "      <td>0.084786</td>\n",
       "      <td>0.063632</td>\n",
       "      <td>-0.022509</td>\n",
       "      <td>0.073911</td>\n",
       "    </tr>\n",
       "    <tr>\n",
       "      <th>bedrooms</th>\n",
       "      <td>-0.006306</td>\n",
       "      <td>0.289204</td>\n",
       "      <td>1.000000</td>\n",
       "      <td>0.589273</td>\n",
       "      <td>0.637874</td>\n",
       "      <td>0.003306</td>\n",
       "      <td>0.147592</td>\n",
       "      <td>0.547164</td>\n",
       "      <td>0.238502</td>\n",
       "      <td>0.319441</td>\n",
       "      <td>0.183439</td>\n",
       "      <td>0.146191</td>\n",
       "      <td>0.014286</td>\n",
       "      <td>0.108758</td>\n",
       "      <td>-0.106689</td>\n",
       "      <td>-0.027077</td>\n",
       "    </tr>\n",
       "    <tr>\n",
       "      <th>bathrooms</th>\n",
       "      <td>-0.012094</td>\n",
       "      <td>0.480401</td>\n",
       "      <td>0.589273</td>\n",
       "      <td>1.000000</td>\n",
       "      <td>0.772677</td>\n",
       "      <td>0.035886</td>\n",
       "      <td>0.404412</td>\n",
       "      <td>0.674924</td>\n",
       "      <td>0.260902</td>\n",
       "      <td>0.457022</td>\n",
       "      <td>0.327551</td>\n",
       "      <td>0.443648</td>\n",
       "      <td>0.040631</td>\n",
       "      <td>-0.005225</td>\n",
       "      <td>0.017400</td>\n",
       "      <td>-0.041812</td>\n",
       "    </tr>\n",
       "    <tr>\n",
       "      <th>sqft_living</th>\n",
       "      <td>-0.027932</td>\n",
       "      <td>0.608521</td>\n",
       "      <td>0.637874</td>\n",
       "      <td>0.772677</td>\n",
       "      <td>1.000000</td>\n",
       "      <td>0.119563</td>\n",
       "      <td>0.304240</td>\n",
       "      <td>0.883984</td>\n",
       "      <td>0.338460</td>\n",
       "      <td>0.511740</td>\n",
       "      <td>0.396030</td>\n",
       "      <td>0.291694</td>\n",
       "      <td>0.038499</td>\n",
       "      <td>0.102186</td>\n",
       "      <td>-0.087669</td>\n",
       "      <td>-0.029060</td>\n",
       "    </tr>\n",
       "    <tr>\n",
       "      <th>sqft_lot</th>\n",
       "      <td>-0.119101</td>\n",
       "      <td>0.085730</td>\n",
       "      <td>0.003306</td>\n",
       "      <td>0.035886</td>\n",
       "      <td>0.119563</td>\n",
       "      <td>1.000000</td>\n",
       "      <td>-0.032097</td>\n",
       "      <td>0.129231</td>\n",
       "      <td>0.004111</td>\n",
       "      <td>0.087169</td>\n",
       "      <td>0.155250</td>\n",
       "      <td>0.001750</td>\n",
       "      <td>0.010049</td>\n",
       "      <td>0.030020</td>\n",
       "      <td>-0.034308</td>\n",
       "      <td>-0.004696</td>\n",
       "    </tr>\n",
       "    <tr>\n",
       "      <th>floors</th>\n",
       "      <td>0.032043</td>\n",
       "      <td>0.180576</td>\n",
       "      <td>0.147592</td>\n",
       "      <td>0.404412</td>\n",
       "      <td>0.304240</td>\n",
       "      <td>-0.032097</td>\n",
       "      <td>1.000000</td>\n",
       "      <td>0.448281</td>\n",
       "      <td>-0.248093</td>\n",
       "      <td>0.132656</td>\n",
       "      <td>0.125183</td>\n",
       "      <td>0.544646</td>\n",
       "      <td>-0.025449</td>\n",
       "      <td>-0.218554</td>\n",
       "      <td>0.233781</td>\n",
       "      <td>-0.017389</td>\n",
       "    </tr>\n",
       "    <tr>\n",
       "      <th>sqft_above</th>\n",
       "      <td>-0.023216</td>\n",
       "      <td>0.538651</td>\n",
       "      <td>0.547164</td>\n",
       "      <td>0.674924</td>\n",
       "      <td>0.883984</td>\n",
       "      <td>0.129231</td>\n",
       "      <td>0.448281</td>\n",
       "      <td>1.000000</td>\n",
       "      <td>-0.066801</td>\n",
       "      <td>0.560551</td>\n",
       "      <td>0.312117</td>\n",
       "      <td>0.387448</td>\n",
       "      <td>0.010598</td>\n",
       "      <td>0.092258</td>\n",
       "      <td>-0.082744</td>\n",
       "      <td>-0.023066</td>\n",
       "    </tr>\n",
       "    <tr>\n",
       "      <th>sqft_basement</th>\n",
       "      <td>-0.014662</td>\n",
       "      <td>0.245058</td>\n",
       "      <td>0.238502</td>\n",
       "      <td>0.260902</td>\n",
       "      <td>0.338460</td>\n",
       "      <td>0.004111</td>\n",
       "      <td>-0.248093</td>\n",
       "      <td>-0.066801</td>\n",
       "      <td>1.000000</td>\n",
       "      <td>0.026361</td>\n",
       "      <td>0.210500</td>\n",
       "      <td>-0.230226</td>\n",
       "      <td>0.053634</td>\n",
       "      <td>0.059788</td>\n",
       "      <td>-0.045208</td>\n",
       "      <td>-0.009413</td>\n",
       "    </tr>\n",
       "    <tr>\n",
       "      <th>sqft_garage</th>\n",
       "      <td>-0.007829</td>\n",
       "      <td>0.264169</td>\n",
       "      <td>0.319441</td>\n",
       "      <td>0.457022</td>\n",
       "      <td>0.511740</td>\n",
       "      <td>0.087169</td>\n",
       "      <td>0.132656</td>\n",
       "      <td>0.560551</td>\n",
       "      <td>0.026361</td>\n",
       "      <td>1.000000</td>\n",
       "      <td>0.216354</td>\n",
       "      <td>0.447560</td>\n",
       "      <td>-0.098603</td>\n",
       "      <td>0.092346</td>\n",
       "      <td>-0.096861</td>\n",
       "      <td>-0.012733</td>\n",
       "    </tr>\n",
       "    <tr>\n",
       "      <th>sqft_patio</th>\n",
       "      <td>-0.041625</td>\n",
       "      <td>0.313409</td>\n",
       "      <td>0.183439</td>\n",
       "      <td>0.327551</td>\n",
       "      <td>0.396030</td>\n",
       "      <td>0.155250</td>\n",
       "      <td>0.125183</td>\n",
       "      <td>0.312117</td>\n",
       "      <td>0.210500</td>\n",
       "      <td>0.216354</td>\n",
       "      <td>1.000000</td>\n",
       "      <td>0.138409</td>\n",
       "      <td>0.056385</td>\n",
       "      <td>-0.019724</td>\n",
       "      <td>0.025699</td>\n",
       "      <td>-0.016633</td>\n",
       "    </tr>\n",
       "    <tr>\n",
       "      <th>yr_built</th>\n",
       "      <td>0.023071</td>\n",
       "      <td>0.096013</td>\n",
       "      <td>0.146191</td>\n",
       "      <td>0.443648</td>\n",
       "      <td>0.291694</td>\n",
       "      <td>0.001750</td>\n",
       "      <td>0.544646</td>\n",
       "      <td>0.387448</td>\n",
       "      <td>-0.230226</td>\n",
       "      <td>0.447560</td>\n",
       "      <td>0.138409</td>\n",
       "      <td>1.000000</td>\n",
       "      <td>-0.239284</td>\n",
       "      <td>-0.207186</td>\n",
       "      <td>0.209878</td>\n",
       "      <td>-0.023388</td>\n",
       "    </tr>\n",
       "    <tr>\n",
       "      <th>yr_renovated</th>\n",
       "      <td>-0.029131</td>\n",
       "      <td>0.084786</td>\n",
       "      <td>0.014286</td>\n",
       "      <td>0.040631</td>\n",
       "      <td>0.038499</td>\n",
       "      <td>0.010049</td>\n",
       "      <td>-0.025449</td>\n",
       "      <td>0.010598</td>\n",
       "      <td>0.053634</td>\n",
       "      <td>-0.098603</td>\n",
       "      <td>0.056385</td>\n",
       "      <td>-0.239284</td>\n",
       "      <td>1.000000</td>\n",
       "      <td>0.036956</td>\n",
       "      <td>-0.035631</td>\n",
       "      <td>-0.001489</td>\n",
       "    </tr>\n",
       "    <tr>\n",
       "      <th>lat</th>\n",
       "      <td>-0.000691</td>\n",
       "      <td>0.063632</td>\n",
       "      <td>0.108758</td>\n",
       "      <td>-0.005225</td>\n",
       "      <td>0.102186</td>\n",
       "      <td>0.030020</td>\n",
       "      <td>-0.218554</td>\n",
       "      <td>0.092258</td>\n",
       "      <td>0.059788</td>\n",
       "      <td>0.092346</td>\n",
       "      <td>-0.019724</td>\n",
       "      <td>-0.207186</td>\n",
       "      <td>0.036956</td>\n",
       "      <td>1.000000</td>\n",
       "      <td>-0.760766</td>\n",
       "      <td>0.010485</td>\n",
       "    </tr>\n",
       "    <tr>\n",
       "      <th>long</th>\n",
       "      <td>0.000479</td>\n",
       "      <td>-0.022509</td>\n",
       "      <td>-0.106689</td>\n",
       "      <td>0.017400</td>\n",
       "      <td>-0.087669</td>\n",
       "      <td>-0.034308</td>\n",
       "      <td>0.233781</td>\n",
       "      <td>-0.082744</td>\n",
       "      <td>-0.045208</td>\n",
       "      <td>-0.096861</td>\n",
       "      <td>0.025699</td>\n",
       "      <td>0.209878</td>\n",
       "      <td>-0.035631</td>\n",
       "      <td>-0.760766</td>\n",
       "      <td>1.000000</td>\n",
       "      <td>-0.011494</td>\n",
       "    </tr>\n",
       "    <tr>\n",
       "      <th>yr_sold</th>\n",
       "      <td>-0.009077</td>\n",
       "      <td>0.073911</td>\n",
       "      <td>-0.027077</td>\n",
       "      <td>-0.041812</td>\n",
       "      <td>-0.029060</td>\n",
       "      <td>-0.004696</td>\n",
       "      <td>-0.017389</td>\n",
       "      <td>-0.023066</td>\n",
       "      <td>-0.009413</td>\n",
       "      <td>-0.012733</td>\n",
       "      <td>-0.016633</td>\n",
       "      <td>-0.023388</td>\n",
       "      <td>-0.001489</td>\n",
       "      <td>0.010485</td>\n",
       "      <td>-0.011494</td>\n",
       "      <td>1.000000</td>\n",
       "    </tr>\n",
       "  </tbody>\n",
       "</table>\n",
       "</div>"
      ],
      "text/plain": [
       "                     id     price  bedrooms  bathrooms  sqft_living  sqft_lot  \\\n",
       "id             1.000000 -0.034184 -0.006306  -0.012094    -0.027932 -0.119101   \n",
       "price         -0.034184  1.000000  0.289204   0.480401     0.608521  0.085730   \n",
       "bedrooms      -0.006306  0.289204  1.000000   0.589273     0.637874  0.003306   \n",
       "bathrooms     -0.012094  0.480401  0.589273   1.000000     0.772677  0.035886   \n",
       "sqft_living   -0.027932  0.608521  0.637874   0.772677     1.000000  0.119563   \n",
       "sqft_lot      -0.119101  0.085730  0.003306   0.035886     0.119563  1.000000   \n",
       "floors         0.032043  0.180576  0.147592   0.404412     0.304240 -0.032097   \n",
       "sqft_above    -0.023216  0.538651  0.547164   0.674924     0.883984  0.129231   \n",
       "sqft_basement -0.014662  0.245058  0.238502   0.260902     0.338460  0.004111   \n",
       "sqft_garage   -0.007829  0.264169  0.319441   0.457022     0.511740  0.087169   \n",
       "sqft_patio    -0.041625  0.313409  0.183439   0.327551     0.396030  0.155250   \n",
       "yr_built       0.023071  0.096013  0.146191   0.443648     0.291694  0.001750   \n",
       "yr_renovated  -0.029131  0.084786  0.014286   0.040631     0.038499  0.010049   \n",
       "lat           -0.000691  0.063632  0.108758  -0.005225     0.102186  0.030020   \n",
       "long           0.000479 -0.022509 -0.106689   0.017400    -0.087669 -0.034308   \n",
       "yr_sold       -0.009077  0.073911 -0.027077  -0.041812    -0.029060 -0.004696   \n",
       "\n",
       "                 floors  sqft_above  sqft_basement  sqft_garage  sqft_patio  \\\n",
       "id             0.032043   -0.023216      -0.014662    -0.007829   -0.041625   \n",
       "price          0.180576    0.538651       0.245058     0.264169    0.313409   \n",
       "bedrooms       0.147592    0.547164       0.238502     0.319441    0.183439   \n",
       "bathrooms      0.404412    0.674924       0.260902     0.457022    0.327551   \n",
       "sqft_living    0.304240    0.883984       0.338460     0.511740    0.396030   \n",
       "sqft_lot      -0.032097    0.129231       0.004111     0.087169    0.155250   \n",
       "floors         1.000000    0.448281      -0.248093     0.132656    0.125183   \n",
       "sqft_above     0.448281    1.000000      -0.066801     0.560551    0.312117   \n",
       "sqft_basement -0.248093   -0.066801       1.000000     0.026361    0.210500   \n",
       "sqft_garage    0.132656    0.560551       0.026361     1.000000    0.216354   \n",
       "sqft_patio     0.125183    0.312117       0.210500     0.216354    1.000000   \n",
       "yr_built       0.544646    0.387448      -0.230226     0.447560    0.138409   \n",
       "yr_renovated  -0.025449    0.010598       0.053634    -0.098603    0.056385   \n",
       "lat           -0.218554    0.092258       0.059788     0.092346   -0.019724   \n",
       "long           0.233781   -0.082744      -0.045208    -0.096861    0.025699   \n",
       "yr_sold       -0.017389   -0.023066      -0.009413    -0.012733   -0.016633   \n",
       "\n",
       "               yr_built  yr_renovated       lat      long   yr_sold  \n",
       "id             0.023071     -0.029131 -0.000691  0.000479 -0.009077  \n",
       "price          0.096013      0.084786  0.063632 -0.022509  0.073911  \n",
       "bedrooms       0.146191      0.014286  0.108758 -0.106689 -0.027077  \n",
       "bathrooms      0.443648      0.040631 -0.005225  0.017400 -0.041812  \n",
       "sqft_living    0.291694      0.038499  0.102186 -0.087669 -0.029060  \n",
       "sqft_lot       0.001750      0.010049  0.030020 -0.034308 -0.004696  \n",
       "floors         0.544646     -0.025449 -0.218554  0.233781 -0.017389  \n",
       "sqft_above     0.387448      0.010598  0.092258 -0.082744 -0.023066  \n",
       "sqft_basement -0.230226      0.053634  0.059788 -0.045208 -0.009413  \n",
       "sqft_garage    0.447560     -0.098603  0.092346 -0.096861 -0.012733  \n",
       "sqft_patio     0.138409      0.056385 -0.019724  0.025699 -0.016633  \n",
       "yr_built       1.000000     -0.239284 -0.207186  0.209878 -0.023388  \n",
       "yr_renovated  -0.239284      1.000000  0.036956 -0.035631 -0.001489  \n",
       "lat           -0.207186      0.036956  1.000000 -0.760766  0.010485  \n",
       "long           0.209878     -0.035631 -0.760766  1.000000 -0.011494  \n",
       "yr_sold       -0.023388     -0.001489  0.010485 -0.011494  1.000000  "
      ]
     },
     "execution_count": 26,
     "metadata": {},
     "output_type": "execute_result"
    }
   ],
   "source": [
    "\"\"\"\n",
    "Looking at the correlation between all variables to see which ones have the strongest corr\n",
    "with variable 'price'.\n",
    "\"\"\"\n",
    "houses.corr()"
   ]
  },
  {
   "cell_type": "markdown",
   "metadata": {},
   "source": [
    "# Observations about R^2\n",
    "\n",
    "- small blurb about highest R^2 and potential multicollinearity between variables, such as sqft_living and sqft_above"
   ]
  },
  {
   "cell_type": "markdown",
   "metadata": {},
   "source": [
    "# Data Cleaning\n",
    "\n",
    "- small blurb explaining why we cleaned and which ones we picked"
   ]
  },
  {
   "cell_type": "code",
   "execution_count": 27,
   "metadata": {
    "scrolled": true
   },
   "outputs": [
    {
     "name": "stderr",
     "output_type": "stream",
     "text": [
      "<ipython-input-27-d8f60f4d9dbb>:2: SettingWithCopyWarning: \n",
      "A value is trying to be set on a copy of a slice from a DataFrame\n",
      "\n",
      "See the caveats in the documentation: https://pandas.pydata.org/pandas-docs/stable/user_guide/indexing.html#returning-a-view-versus-a-copy\n",
      "  clean_houses.drop_duplicates(subset=['id'], inplace=True)\n"
     ]
    }
   ],
   "source": [
    "clean_houses = houses.loc[houses['state'] == 'Washington']\n",
    "clean_houses.drop_duplicates(subset=['id'], inplace=True)"
   ]
  },
  {
   "cell_type": "code",
   "execution_count": 28,
   "metadata": {},
   "outputs": [
    {
     "data": {
      "text/plain": [
       "Washington    29244\n",
       "Name: state, dtype: int64"
      ]
     },
     "execution_count": 28,
     "metadata": {},
     "output_type": "execute_result"
    }
   ],
   "source": [
    "#sanity check\n",
    "clean_houses['state'].value_counts()"
   ]
  },
  {
   "cell_type": "code",
   "execution_count": 29,
   "metadata": {
    "scrolled": true
   },
   "outputs": [
    {
     "name": "stdout",
     "output_type": "stream",
     "text": [
      "<class 'pandas.core.frame.DataFrame'>\n",
      "Int64Index: 29244 entries, 0 to 30154\n",
      "Data columns (total 29 columns):\n",
      " #   Column         Non-Null Count  Dtype         \n",
      "---  ------         --------------  -----         \n",
      " 0   id             29244 non-null  int64         \n",
      " 1   date           29244 non-null  datetime64[ns]\n",
      " 2   price          29244 non-null  float64       \n",
      " 3   bedrooms       29244 non-null  int64         \n",
      " 4   bathrooms      29244 non-null  float64       \n",
      " 5   sqft_living    29244 non-null  int64         \n",
      " 6   sqft_lot       29244 non-null  int64         \n",
      " 7   floors         29244 non-null  float64       \n",
      " 8   waterfront     29244 non-null  object        \n",
      " 9   greenbelt      29244 non-null  object        \n",
      " 10  nuisance       29244 non-null  object        \n",
      " 11  view           29244 non-null  object        \n",
      " 12  condition      29244 non-null  object        \n",
      " 13  grade          29244 non-null  object        \n",
      " 14  heat_source    29214 non-null  object        \n",
      " 15  sewer_system   29231 non-null  object        \n",
      " 16  sqft_above     29244 non-null  int64         \n",
      " 17  sqft_basement  29244 non-null  int64         \n",
      " 18  sqft_garage    29244 non-null  int64         \n",
      " 19  sqft_patio     29244 non-null  int64         \n",
      " 20  yr_built       29244 non-null  int64         \n",
      " 21  yr_renovated   29244 non-null  int64         \n",
      " 22  address        29244 non-null  object        \n",
      " 23  lat            29244 non-null  float64       \n",
      " 24  long           29244 non-null  float64       \n",
      " 25  city           29244 non-null  object        \n",
      " 26  zipcode        29244 non-null  object        \n",
      " 27  state          29244 non-null  object        \n",
      " 28  yr_sold        29244 non-null  int64         \n",
      "dtypes: datetime64[ns](1), float64(5), int64(11), object(12)\n",
      "memory usage: 6.7+ MB\n"
     ]
    }
   ],
   "source": [
    "clean_houses.info()"
   ]
  },
  {
   "cell_type": "code",
   "execution_count": 30,
   "metadata": {},
   "outputs": [],
   "source": [
    "def Rsquaredcomp(dataframe,target_str,comp_list):\n",
    "    Rsquared = []\n",
    "    for i in comp_list:\n",
    "        y = dataframe[target_str]\n",
    "        X = dataframe[i]\n",
    "        simple_model = sm.OLS(endog=y, exog=sm.add_constant(X))\n",
    "        simple_model_results = simple_model.fit()\n",
    "        r2 = simple_model_results.rsquared\n",
    "        Rsquared.append(r2)\n",
    "    \n",
    "    df = pd.DataFrame(np.array(Rsquared),index=comp_list,columns=[\"Rsquared\"])\n",
    "    return df"
   ]
  },
  {
   "cell_type": "code",
   "execution_count": 31,
   "metadata": {},
   "outputs": [
    {
     "data": {
      "text/html": [
       "<div>\n",
       "<style scoped>\n",
       "    .dataframe tbody tr th:only-of-type {\n",
       "        vertical-align: middle;\n",
       "    }\n",
       "\n",
       "    .dataframe tbody tr th {\n",
       "        vertical-align: top;\n",
       "    }\n",
       "\n",
       "    .dataframe thead th {\n",
       "        text-align: right;\n",
       "    }\n",
       "</style>\n",
       "<table border=\"1\" class=\"dataframe\">\n",
       "  <thead>\n",
       "    <tr style=\"text-align: right;\">\n",
       "      <th></th>\n",
       "      <th>Rsquared</th>\n",
       "    </tr>\n",
       "  </thead>\n",
       "  <tbody>\n",
       "    <tr>\n",
       "      <th>floors</th>\n",
       "      <td>0.039654</td>\n",
       "    </tr>\n",
       "    <tr>\n",
       "      <th>bedrooms</th>\n",
       "      <td>0.084849</td>\n",
       "    </tr>\n",
       "    <tr>\n",
       "      <th>bathrooms</th>\n",
       "      <td>0.238156</td>\n",
       "    </tr>\n",
       "    <tr>\n",
       "      <th>floors</th>\n",
       "      <td>0.039654</td>\n",
       "    </tr>\n",
       "    <tr>\n",
       "      <th>sqft_living</th>\n",
       "      <td>0.380203</td>\n",
       "    </tr>\n",
       "    <tr>\n",
       "      <th>sqft_above</th>\n",
       "      <td>0.298243</td>\n",
       "    </tr>\n",
       "    <tr>\n",
       "      <th>sqft_basement</th>\n",
       "      <td>0.060771</td>\n",
       "    </tr>\n",
       "    <tr>\n",
       "      <th>sqft_garage</th>\n",
       "      <td>0.071796</td>\n",
       "    </tr>\n",
       "    <tr>\n",
       "      <th>sqft_patio</th>\n",
       "      <td>0.100619</td>\n",
       "    </tr>\n",
       "    <tr>\n",
       "      <th>sqft_lot</th>\n",
       "      <td>0.007393</td>\n",
       "    </tr>\n",
       "    <tr>\n",
       "      <th>yr_built</th>\n",
       "      <td>0.011235</td>\n",
       "    </tr>\n",
       "    <tr>\n",
       "      <th>yr_renovated</th>\n",
       "      <td>0.007273</td>\n",
       "    </tr>\n",
       "    <tr>\n",
       "      <th>lat</th>\n",
       "      <td>0.087661</td>\n",
       "    </tr>\n",
       "    <tr>\n",
       "      <th>long</th>\n",
       "      <td>0.005355</td>\n",
       "    </tr>\n",
       "  </tbody>\n",
       "</table>\n",
       "</div>"
      ],
      "text/plain": [
       "               Rsquared\n",
       "floors         0.039654\n",
       "bedrooms       0.084849\n",
       "bathrooms      0.238156\n",
       "floors         0.039654\n",
       "sqft_living    0.380203\n",
       "sqft_above     0.298243\n",
       "sqft_basement  0.060771\n",
       "sqft_garage    0.071796\n",
       "sqft_patio     0.100619\n",
       "sqft_lot       0.007393\n",
       "yr_built       0.011235\n",
       "yr_renovated   0.007273\n",
       "lat            0.087661\n",
       "long           0.005355"
      ]
     },
     "execution_count": 31,
     "metadata": {},
     "output_type": "execute_result"
    }
   ],
   "source": [
    "comp = ['floors','bedrooms','bathrooms','floors','sqft_living', 'sqft_above','sqft_basement',\n",
    "        'sqft_garage','sqft_patio', 'sqft_lot',\n",
    "        'yr_built', 'yr_renovated','lat','long']\n",
    "Rsquaredcomp(clean_houses,'price',comp)"
   ]
  },
  {
   "cell_type": "markdown",
   "metadata": {},
   "source": [
    "## Simple Regression (Baseline)\n",
    "We will explore our target (price) with the variable with the strongest correlation which is sqft_living"
   ]
  },
  {
   "cell_type": "code",
   "execution_count": 32,
   "metadata": {},
   "outputs": [],
   "source": [
    "# setting our alpha\n",
