{
 "cells": [
  {
   "cell_type": "code",
   "execution_count": 1,
   "metadata": {},
   "outputs": [],
   "source": [
    "import pandas as pd\n",
    "import numpy as np\n",
    "import statsmodels.api as sm\n",
    "from statsmodels.formula.api import ols\n",
    "import seaborn as sns\n",
    "from matplotlib import pyplot as plt\n",
    "%matplotlib inline"
   ]
  },
  {
   "cell_type": "code",
   "execution_count": 2,
   "metadata": {},
   "outputs": [],
   "source": [
    "# Turning the csv into a DataFrame\n",
    "houses = pd.read_csv('data/kc_house_data.csv')"
   ]
  },
  {
   "cell_type": "code",
   "execution_count": 19,
   "metadata": {},
   "outputs": [],
   "source": [
    "#houses.head()"
   ]
  },
  {
   "cell_type": "code",
   "execution_count": 18,
   "metadata": {},
   "outputs": [],
   "source": [
    "#houses.info()"
   ]
  },
  {
   "cell_type": "code",
   "execution_count": 3,
   "metadata": {},
   "outputs": [],
   "source": [
    "def city(address):\n",
    "    address_list = address.split(',')\n",
    "    if len(address_list) == 6:\n",
    "        city = address_list[3].strip()\n",
    "    elif len(address_list) == 5:\n",
    "        city = address_list[2].strip()\n",
    "    else:\n",
    "        city = address_list[1].strip()\n",
    "    return city\n",
    "\n",
    "def state(address):\n",
    "    address_list = address.split(',')\n",
    "    if len(address_list) == 6:\n",
    "        statezip = address_list[4].split()\n",
    "    elif len(address_list) == 5:\n",
    "        statezip = address_list[3].split()\n",
    "    else:\n",
    "        statezip = address_list[2].split()\n",
    "        \n",
    "    if len(statezip) > 2:\n",
    "        state = statezip[0] + ' ' + statezip[1]\n",
    "    else:\n",
    "        state = statezip[0]\n",
    "    return state\n",
    "\n",
    "def zipcode(address):\n",
    "    address_list = address.split(',')\n",
    "    zipcode = address_list[-2].split()[-1]\n",
    "    return zipcode"
   ]
  },
  {
   "cell_type": "code",
   "execution_count": 4,
   "metadata": {},
   "outputs": [],
   "source": [
    "houses['city'] = houses['address'].map(city)\n",
    "houses['zipcode'] = houses['address'].map(zipcode)\n",
    "houses['state'] = houses['address'].map(state)"
   ]
  },
  {
   "cell_type": "code",
   "execution_count": 24,
   "metadata": {},
   "outputs": [],
   "source": [
    "#Changing date to datetime and then creating a separate column for year\n",
    "houses['date'] = pd.to_datetime(houses['date'], infer_datetime_format=True)\n",
    "# feature engineering \n",
    "# making a 'yr_sold' column using the year from 'date'\n",
    "houses['yr_sold'] = pd.to_datetime(houses['date'], infer_datetime_format=True).dt.year"
   ]
  },
  {
   "cell_type": "code",
   "execution_count": 26,
   "metadata": {
    "scrolled": false
   },
   "outputs": [
    {
     "data": {
      "text/html": [
       "<div>\n",
       "<style scoped>\n",
       "    .dataframe tbody tr th:only-of-type {\n",
       "        vertical-align: middle;\n",
       "    }\n",
       "\n",
       "    .dataframe tbody tr th {\n",
       "        vertical-align: top;\n",
       "    }\n",
       "\n",
       "    .dataframe thead th {\n",
       "        text-align: right;\n",
       "    }\n",
       "</style>\n",
       "<table border=\"1\" class=\"dataframe\">\n",
       "  <thead>\n",
       "    <tr style=\"text-align: right;\">\n",
       "      <th></th>\n",
       "      <th>id</th>\n",
       "      <th>price</th>\n",
       "      <th>bedrooms</th>\n",
       "      <th>bathrooms</th>\n",
       "      <th>sqft_living</th>\n",
       "      <th>sqft_lot</th>\n",
       "      <th>floors</th>\n",
       "      <th>sqft_above</th>\n",
       "      <th>sqft_basement</th>\n",
       "      <th>sqft_garage</th>\n",
       "      <th>sqft_patio</th>\n",
       "      <th>yr_built</th>\n",
       "      <th>yr_renovated</th>\n",
       "      <th>lat</th>\n",
       "      <th>long</th>\n",
       "      <th>yr_sold</th>\n",
       "    </tr>\n",
       "  </thead>\n",
       "  <tbody>\n",
       "    <tr>\n",
       "      <th>id</th>\n",
       "      <td>1.000000</td>\n",
       "      <td>-0.034124</td>\n",
       "      <td>-0.006322</td>\n",
       "      <td>-0.012023</td>\n",
       "      <td>-0.027880</td>\n",
       "      <td>-0.119109</td>\n",
       "      <td>0.032075</td>\n",
       "      <td>-0.023183</td>\n",
       "      <td>-0.014601</td>\n",
       "      <td>-0.007807</td>\n",
       "      <td>-0.041615</td>\n",
       "      <td>0.023125</td>\n",
       "      <td>-0.029140</td>\n",
       "      <td>-0.000681</td>\n",
       "      <td>0.000473</td>\n",
       "      <td>-0.009106</td>\n",
       "    </tr>\n",
       "    <tr>\n",
       "      <th>price</th>\n",
       "      <td>-0.034124</td>\n",
       "      <td>1.000000</td>\n",
       "      <td>0.289241</td>\n",
       "      <td>0.480347</td>\n",
       "      <td>0.608491</td>\n",
       "      <td>0.085742</td>\n",
       "      <td>0.180542</td>\n",
       "      <td>0.538634</td>\n",
       "      <td>0.244991</td>\n",
       "      <td>0.264150</td>\n",
       "      <td>0.313407</td>\n",
       "      <td>0.095945</td>\n",
       "      <td>0.084802</td>\n",
       "      <td>0.063621</td>\n",
       "      <td>-0.022501</td>\n",
       "      <td>0.073957</td>\n",
       "    </tr>\n",
       "    <tr>\n",
       "      <th>bedrooms</th>\n",
       "      <td>-0.006322</td>\n",
       "      <td>0.289241</td>\n",
       "      <td>1.000000</td>\n",
       "      <td>0.589335</td>\n",
       "      <td>0.637918</td>\n",
       "      <td>0.003304</td>\n",
       "      <td>0.147605</td>\n",
       "      <td>0.547186</td>\n",
       "      <td>0.238536</td>\n",
       "      <td>0.319452</td>\n",
       "      <td>0.183444</td>\n",
       "      <td>0.146215</td>\n",
       "      <td>0.014283</td>\n",
       "      <td>0.108762</td>\n",
       "      <td>-0.106691</td>\n",
       "      <td>-0.027088</td>\n",
       "    </tr>\n",
       "    <tr>\n",
       "      <th>bathrooms</th>\n",
       "      <td>-0.012023</td>\n",
       "      <td>0.480347</td>\n",
       "      <td>0.589335</td>\n",
       "      <td>1.000000</td>\n",
       "      <td>0.772659</td>\n",
       "      <td>0.035896</td>\n",
       "      <td>0.404390</td>\n",
       "      <td>0.674917</td>\n",
       "      <td>0.260828</td>\n",
       "      <td>0.457014</td>\n",
       "      <td>0.327553</td>\n",
       "      <td>0.443602</td>\n",
       "      <td>0.040647</td>\n",
       "      <td>-0.005241</td>\n",
       "      <td>0.017410</td>\n",
       "      <td>-0.041768</td>\n",
       "    </tr>\n",
       "    <tr>\n",
       "      <th>sqft_living</th>\n",
       "      <td>-0.027880</td>\n",
       "      <td>0.608491</td>\n",
       "      <td>0.637918</td>\n",
       "      <td>0.772659</td>\n",
       "      <td>1.000000</td>\n",
       "      <td>0.119574</td>\n",
       "      <td>0.304215</td>\n",
       "      <td>0.883983</td>\n",
       "      <td>0.338410</td>\n",
       "      <td>0.511732</td>\n",
       "      <td>0.396030</td>\n",
       "      <td>0.291649</td>\n",
       "      <td>0.038510</td>\n",
       "      <td>0.102178</td>\n",
       "      <td>-0.087664</td>\n",
       "      <td>-0.029025</td>\n",
       "    </tr>\n",
       "    <tr>\n",
       "      <th>sqft_lot</th>\n",
       "      <td>-0.119109</td>\n",
       "      <td>0.085742</td>\n",
       "      <td>0.003304</td>\n",
       "      <td>0.035896</td>\n",
       "      <td>0.119574</td>\n",
       "      <td>1.000000</td>\n",
       "      <td>-0.032094</td>\n",
       "      <td>0.129236</td>\n",
       "      <td>0.004118</td>\n",
       "      <td>0.087173</td>\n",
       "      <td>0.155252</td>\n",
       "      <td>0.001756</td>\n",
       "      <td>0.010048</td>\n",
       "      <td>0.030021</td>\n",
       "      <td>-0.034309</td>\n",
       "      <td>-0.004700</td>\n",
       "    </tr>\n",
       "    <tr>\n",
       "      <th>floors</th>\n",
       "      <td>0.032075</td>\n",
       "      <td>0.180542</td>\n",
       "      <td>0.147605</td>\n",
       "      <td>0.404390</td>\n",
       "      <td>0.304215</td>\n",
       "      <td>-0.032094</td>\n",
       "      <td>1.000000</td>\n",
       "      <td>0.448268</td>\n",
       "      <td>-0.248149</td>\n",
       "      <td>0.132643</td>\n",
       "      <td>0.125177</td>\n",
       "      <td>0.544632</td>\n",
       "      <td>-0.025444</td>\n",
       "      <td>-0.218563</td>\n",
       "      <td>0.233787</td>\n",
       "      <td>-0.017370</td>\n",
       "    </tr>\n",
       "    <tr>\n",
       "      <th>sqft_above</th>\n",
       "      <td>-0.023183</td>\n",
       "      <td>0.538634</td>\n",
       "      <td>0.547186</td>\n",
       "      <td>0.674917</td>\n",
       "      <td>0.883983</td>\n",
       "      <td>0.129236</td>\n",
       "      <td>0.448268</td>\n",
       "      <td>1.000000</td>\n",
       "      <td>-0.066852</td>\n",
       "      <td>0.560544</td>\n",
       "      <td>0.312113</td>\n",
       "      <td>0.387425</td>\n",
       "      <td>0.010605</td>\n",
       "      <td>0.092252</td>\n",
       "      <td>-0.082741</td>\n",
       "      <td>-0.023044</td>\n",
       "    </tr>\n",
       "    <tr>\n",
       "      <th>sqft_basement</th>\n",
       "      <td>-0.014601</td>\n",
       "      <td>0.244991</td>\n",
       "      <td>0.238536</td>\n",
       "      <td>0.260828</td>\n",
       "      <td>0.338410</td>\n",
       "      <td>0.004118</td>\n",
       "      <td>-0.248149</td>\n",
       "      <td>-0.066852</td>\n",
       "      <td>1.000000</td>\n",
       "      <td>0.026330</td>\n",
       "      <td>0.210494</td>\n",
       "      <td>-0.230316</td>\n",
       "      <td>0.053648</td>\n",
       "      <td>0.059777</td>\n",
       "      <td>-0.045202</td>\n",
       "      <td>-0.009374</td>\n",
       "    </tr>\n",
       "    <tr>\n",
       "      <th>sqft_garage</th>\n",
       "      <td>-0.007807</td>\n",
       "      <td>0.264150</td>\n",
       "      <td>0.319452</td>\n",
       "      <td>0.457014</td>\n",
       "      <td>0.511732</td>\n",
       "      <td>0.087173</td>\n",
       "      <td>0.132643</td>\n",
       "      <td>0.560544</td>\n",
       "      <td>0.026330</td>\n",
       "      <td>1.000000</td>\n",
       "      <td>0.216349</td>\n",
       "      <td>0.447550</td>\n",
       "      <td>-0.098599</td>\n",
       "      <td>0.092342</td>\n",
       "      <td>-0.096859</td>\n",
       "      <td>-0.012718</td>\n",
       "    </tr>\n",
       "    <tr>\n",
       "      <th>sqft_patio</th>\n",
       "      <td>-0.041615</td>\n",
       "      <td>0.313407</td>\n",
       "      <td>0.183444</td>\n",
       "      <td>0.327553</td>\n",
       "      <td>0.396030</td>\n",
       "      <td>0.155252</td>\n",
       "      <td>0.125177</td>\n",
       "      <td>0.312113</td>\n",
       "      <td>0.210494</td>\n",
       "      <td>0.216349</td>\n",
       "      <td>1.000000</td>\n",
       "      <td>0.138400</td>\n",
       "      <td>0.056387</td>\n",
       "      <td>-0.019726</td>\n",
       "      <td>0.025701</td>\n",
       "      <td>-0.016626</td>\n",
       "    </tr>\n",
       "    <tr>\n",
       "      <th>yr_built</th>\n",
       "      <td>0.023125</td>\n",
       "      <td>0.095945</td>\n",
       "      <td>0.146215</td>\n",
       "      <td>0.443602</td>\n",
       "      <td>0.291649</td>\n",
       "      <td>0.001756</td>\n",
       "      <td>0.544632</td>\n",
       "      <td>0.387425</td>\n",
       "      <td>-0.230316</td>\n",
       "      <td>0.447550</td>\n",
       "      <td>0.138400</td>\n",
       "      <td>1.000000</td>\n",
       "      <td>-0.239282</td>\n",
       "      <td>-0.207203</td>\n",
       "      <td>0.209892</td>\n",
       "      <td>-0.023355</td>\n",
       "    </tr>\n",
       "    <tr>\n",
       "      <th>yr_renovated</th>\n",
       "      <td>-0.029140</td>\n",
       "      <td>0.084802</td>\n",
       "      <td>0.014283</td>\n",
       "      <td>0.040647</td>\n",
       "      <td>0.038510</td>\n",
       "      <td>0.010048</td>\n",
       "      <td>-0.025444</td>\n",
       "      <td>0.010605</td>\n",
       "      <td>0.053648</td>\n",
       "      <td>-0.098599</td>\n",
       "      <td>0.056387</td>\n",
       "      <td>-0.239282</td>\n",
       "      <td>1.000000</td>\n",
       "      <td>0.036958</td>\n",
       "      <td>-0.035632</td>\n",
       "      <td>-0.001495</td>\n",
       "    </tr>\n",
       "    <tr>\n",
       "      <th>lat</th>\n",
       "      <td>-0.000681</td>\n",
       "      <td>0.063621</td>\n",
       "      <td>0.108762</td>\n",
       "      <td>-0.005241</td>\n",
       "      <td>0.102178</td>\n",
       "      <td>0.030021</td>\n",
       "      <td>-0.218563</td>\n",
       "      <td>0.092252</td>\n",
       "      <td>0.059777</td>\n",
       "      <td>0.092342</td>\n",
       "      <td>-0.019726</td>\n",
       "      <td>-0.207203</td>\n",
       "      <td>0.036958</td>\n",
       "      <td>1.000000</td>\n",
       "      <td>-0.760766</td>\n",
       "      <td>0.010491</td>\n",
       "    </tr>\n",
       "    <tr>\n",
       "      <th>long</th>\n",
       "      <td>0.000473</td>\n",
       "      <td>-0.022501</td>\n",
       "      <td>-0.106691</td>\n",
       "      <td>0.017410</td>\n",
       "      <td>-0.087664</td>\n",
       "      <td>-0.034309</td>\n",
       "      <td>0.233787</td>\n",
       "      <td>-0.082741</td>\n",
       "      <td>-0.045202</td>\n",
       "      <td>-0.096859</td>\n",
       "      <td>0.025701</td>\n",
       "      <td>0.209892</td>\n",
       "      <td>-0.035632</td>\n",
       "      <td>-0.760766</td>\n",
       "      <td>1.000000</td>\n",
       "      <td>-0.011498</td>\n",
       "    </tr>\n",
       "    <tr>\n",
       "      <th>yr_sold</th>\n",
       "      <td>-0.009106</td>\n",
       "      <td>0.073957</td>\n",
       "      <td>-0.027088</td>\n",
       "      <td>-0.041768</td>\n",
       "      <td>-0.029025</td>\n",
       "      <td>-0.004700</td>\n",
       "      <td>-0.017370</td>\n",
       "      <td>-0.023044</td>\n",
       "      <td>-0.009374</td>\n",
       "      <td>-0.012718</td>\n",
       "      <td>-0.016626</td>\n",
       "      <td>-0.023355</td>\n",
       "      <td>-0.001495</td>\n",
       "      <td>0.010491</td>\n",
       "      <td>-0.011498</td>\n",
       "      <td>1.000000</td>\n",
       "    </tr>\n",
       "  </tbody>\n",
       "</table>\n",
       "</div>"
      ],
      "text/plain": [
       "                     id     price  bedrooms  bathrooms  sqft_living  sqft_lot  \\\n",
       "id             1.000000 -0.034124 -0.006322  -0.012023    -0.027880 -0.119109   \n",
       "price         -0.034124  1.000000  0.289241   0.480347     0.608491  0.085742   \n",
       "bedrooms      -0.006322  0.289241  1.000000   0.589335     0.637918  0.003304   \n",
       "bathrooms     -0.012023  0.480347  0.589335   1.000000     0.772659  0.035896   \n",
       "sqft_living   -0.027880  0.608491  0.637918   0.772659     1.000000  0.119574   \n",
       "sqft_lot      -0.119109  0.085742  0.003304   0.035896     0.119574  1.000000   \n",
       "floors         0.032075  0.180542  0.147605   0.404390     0.304215 -0.032094   \n",
       "sqft_above    -0.023183  0.538634  0.547186   0.674917     0.883983  0.129236   \n",
       "sqft_basement -0.014601  0.244991  0.238536   0.260828     0.338410  0.004118   \n",
       "sqft_garage   -0.007807  0.264150  0.319452   0.457014     0.511732  0.087173   \n",
       "sqft_patio    -0.041615  0.313407  0.183444   0.327553     0.396030  0.155252   \n",
       "yr_built       0.023125  0.095945  0.146215   0.443602     0.291649  0.001756   \n",
       "yr_renovated  -0.029140  0.084802  0.014283   0.040647     0.038510  0.010048   \n",
       "lat           -0.000681  0.063621  0.108762  -0.005241     0.102178  0.030021   \n",
       "long           0.000473 -0.022501 -0.106691   0.017410    -0.087664 -0.034309   \n",
       "yr_sold       -0.009106  0.073957 -0.027088  -0.041768    -0.029025 -0.004700   \n",
       "\n",
       "                 floors  sqft_above  sqft_basement  sqft_garage  sqft_patio  \\\n",
       "id             0.032075   -0.023183      -0.014601    -0.007807   -0.041615   \n",
       "price          0.180542    0.538634       0.244991     0.264150    0.313407   \n",
       "bedrooms       0.147605    0.547186       0.238536     0.319452    0.183444   \n",
       "bathrooms      0.404390    0.674917       0.260828     0.457014    0.327553   \n",
       "sqft_living    0.304215    0.883983       0.338410     0.511732    0.396030   \n",
       "sqft_lot      -0.032094    0.129236       0.004118     0.087173    0.155252   \n",
       "floors         1.000000    0.448268      -0.248149     0.132643    0.125177   \n",
       "sqft_above     0.448268    1.000000      -0.066852     0.560544    0.312113   \n",
       "sqft_basement -0.248149   -0.066852       1.000000     0.026330    0.210494   \n",
       "sqft_garage    0.132643    0.560544       0.026330     1.000000    0.216349   \n",
       "sqft_patio     0.125177    0.312113       0.210494     0.216349    1.000000   \n",
       "yr_built       0.544632    0.387425      -0.230316     0.447550    0.138400   \n",
       "yr_renovated  -0.025444    0.010605       0.053648    -0.098599    0.056387   \n",
       "lat           -0.218563    0.092252       0.059777     0.092342   -0.019726   \n",
       "long           0.233787   -0.082741      -0.045202    -0.096859    0.025701   \n",
       "yr_sold       -0.017370   -0.023044      -0.009374    -0.012718   -0.016626   \n",
       "\n",
       "               yr_built  yr_renovated       lat      long   yr_sold  \n",
       "id             0.023125     -0.029140 -0.000681  0.000473 -0.009106  \n",
       "price          0.095945      0.084802  0.063621 -0.022501  0.073957  \n",
       "bedrooms       0.146215      0.014283  0.108762 -0.106691 -0.027088  \n",
       "bathrooms      0.443602      0.040647 -0.005241  0.017410 -0.041768  \n",
       "sqft_living    0.291649      0.038510  0.102178 -0.087664 -0.029025  \n",
       "sqft_lot       0.001756      0.010048  0.030021 -0.034309 -0.004700  \n",
       "floors         0.544632     -0.025444 -0.218563  0.233787 -0.017370  \n",
       "sqft_above     0.387425      0.010605  0.092252 -0.082741 -0.023044  \n",
       "sqft_basement -0.230316      0.053648  0.059777 -0.045202 -0.009374  \n",
       "sqft_garage    0.447550     -0.098599  0.092342 -0.096859 -0.012718  \n",
       "sqft_patio     0.138400      0.056387 -0.019726  0.025701 -0.016626  \n",
       "yr_built       1.000000     -0.239282 -0.207203  0.209892 -0.023355  \n",
       "yr_renovated  -0.239282      1.000000  0.036958 -0.035632 -0.001495  \n",
       "lat           -0.207203      0.036958  1.000000 -0.760766  0.010491  \n",
       "long           0.209892     -0.035632 -0.760766  1.000000 -0.011498  \n",
       "yr_sold       -0.023355     -0.001495  0.010491 -0.011498  1.000000  "
      ]
     },
     "execution_count": 26,
     "metadata": {},
     "output_type": "execute_result"
    }
   ],
   "source": [
    "\"\"\"\n",
    "Looking at the correlation between all variables to see which ones have the strongest corr\n",
    "with variable 'price'.\n",
    "\"\"\"\n",
    "houses.corr()"
   ]
  },
  {
   "cell_type": "markdown",
   "metadata": {},
   "source": [
    "# Observations about R^2\n",
    "\n",
    "- small blurb about highest R^2 and potential multicollinearity between variables, such as sqft_living and sqft_above"
   ]
  },
  {
   "cell_type": "markdown",
   "metadata": {},
   "source": [
    "# Data Cleaning\n",
    "\n",
    "- small blurb explaining why we cleaned and which ones we picked"
   ]
  },
  {
   "cell_type": "code",
   "execution_count": 27,
   "metadata": {
    "scrolled": true
   },
   "outputs": [
    {
     "name": "stderr",
     "output_type": "stream",
     "text": [
      "<ipython-input-27-d8f60f4d9dbb>:2: SettingWithCopyWarning: \n",
      "A value is trying to be set on a copy of a slice from a DataFrame\n",
      "\n",
      "See the caveats in the documentation: https://pandas.pydata.org/pandas-docs/stable/user_guide/indexing.html#returning-a-view-versus-a-copy\n",
      "  clean_houses.drop_duplicates(subset=['id'], inplace=True)\n"
     ]
    }
   ],
   "source": [
    "clean_houses = houses.loc[houses['state'] == 'Washington']\n",
    "clean_houses.drop_duplicates(subset=['id'], inplace=True)"
   ]
  },
  {
   "cell_type": "code",
   "execution_count": 28,
   "metadata": {},
   "outputs": [
    {
     "name": "stdout",
     "output_type": "stream",
     "text": [
      "<class 'pandas.core.frame.DataFrame'>\n",
      "Int64Index: 29244 entries, 0 to 30154\n",
      "Data columns (total 29 columns):\n",
      " #   Column         Non-Null Count  Dtype         \n",
      "---  ------         --------------  -----         \n",
      " 0   id             29244 non-null  int64         \n",
      " 1   date           29244 non-null  datetime64[ns]\n",
      " 2   price          29244 non-null  float64       \n",
      " 3   bedrooms       29244 non-null  int64         \n",
      " 4   bathrooms      29244 non-null  float64       \n",
      " 5   sqft_living    29244 non-null  int64         \n",
      " 6   sqft_lot       29244 non-null  int64         \n",
      " 7   floors         29244 non-null  float64       \n",
      " 8   waterfront     29244 non-null  object        \n",
      " 9   greenbelt      29244 non-null  object        \n",
      " 10  nuisance       29244 non-null  object        \n",
      " 11  view           29244 non-null  object        \n",
      " 12  condition      29244 non-null  object        \n",
      " 13  grade          29244 non-null  object        \n",
      " 14  heat_source    29214 non-null  object        \n",
      " 15  sewer_system   29231 non-null  object        \n",
      " 16  sqft_above     29244 non-null  int64         \n",
      " 17  sqft_basement  29244 non-null  int64         \n",
      " 18  sqft_garage    29244 non-null  int64         \n",
      " 19  sqft_patio     29244 non-null  int64         \n",
      " 20  yr_built       29244 non-null  int64         \n",
      " 21  yr_renovated   29244 non-null  int64         \n",
      " 22  address        29244 non-null  object        \n",
      " 23  lat            29244 non-null  float64       \n",
      " 24  long           29244 non-null  float64       \n",
      " 25  city           29244 non-null  object        \n",
      " 26  zipcode        29244 non-null  object        \n",
      " 27  state          29244 non-null  object        \n",
      " 28  yr_sold        29244 non-null  int64         \n",
      "dtypes: datetime64[ns](1), float64(5), int64(11), object(12)\n",
      "memory usage: 6.7+ MB\n"
     ]
    }
   ],
   "source": [
    "clean_houses.info()"
   ]
  },
  {
   "cell_type": "code",
   "execution_count": 29,
   "metadata": {},
   "outputs": [],
   "source": [
    "def Rsquaredcomp(dataframe,target_str,comp_list):\n",
    "    Rsquared = []\n",
    "    for i in comp_list:\n",
    "        y = dataframe[target_str]\n",
    "        X = dataframe[i]\n",
    "        simple_model = sm.OLS(endog=y, exog=sm.add_constant(X))\n",
    "        simple_model_results = simple_model.fit()\n",
    "        r2 = simple_model_results.rsquared\n",
    "        Rsquared.append(r2)\n",
    "    \n",
    "    df = pd.DataFrame(np.array(Rsquared),index=comp_list,columns=[\"Rsquared\"])\n",
    "    return df"
   ]
  },
  {
   "cell_type": "code",
   "execution_count": 30,
   "metadata": {},
   "outputs": [
    {
     "data": {
      "text/html": [
       "<div>\n",
       "<style scoped>\n",
       "    .dataframe tbody tr th:only-of-type {\n",
       "        vertical-align: middle;\n",
       "    }\n",
       "\n",
       "    .dataframe tbody tr th {\n",
       "        vertical-align: top;\n",
       "    }\n",
       "\n",
       "    .dataframe thead th {\n",
       "        text-align: right;\n",
       "    }\n",
       "</style>\n",
       "<table border=\"1\" class=\"dataframe\">\n",
       "  <thead>\n",
       "    <tr style=\"text-align: right;\">\n",
       "      <th></th>\n",
       "      <th>Rsquared</th>\n",
       "    </tr>\n",
       "  </thead>\n",
       "  <tbody>\n",
       "    <tr>\n",
       "      <th>floors</th>\n",
       "      <td>0.039654</td>\n",
       "    </tr>\n",
       "    <tr>\n",
       "      <th>bedrooms</th>\n",
       "      <td>0.084849</td>\n",
       "    </tr>\n",
       "    <tr>\n",
       "      <th>bathrooms</th>\n",
       "      <td>0.238156</td>\n",
       "    </tr>\n",
       "    <tr>\n",
       "      <th>floors</th>\n",
       "      <td>0.039654</td>\n",
       "    </tr>\n",
       "    <tr>\n",
       "      <th>sqft_living</th>\n",
       "      <td>0.380203</td>\n",
       "    </tr>\n",
       "    <tr>\n",
       "      <th>sqft_above</th>\n",
       "      <td>0.298243</td>\n",
       "    </tr>\n",
       "    <tr>\n",
       "      <th>sqft_basement</th>\n",
       "      <td>0.060771</td>\n",
       "    </tr>\n",
       "    <tr>\n",
       "      <th>sqft_garage</th>\n",
       "      <td>0.071796</td>\n",
       "    </tr>\n",
       "    <tr>\n",
       "      <th>sqft_patio</th>\n",
       "      <td>0.100619</td>\n",
       "    </tr>\n",
       "    <tr>\n",
       "      <th>sqft_lot</th>\n",
       "      <td>0.007393</td>\n",
       "    </tr>\n",
       "    <tr>\n",
       "      <th>yr_built</th>\n",
       "      <td>0.011235</td>\n",
       "    </tr>\n",
       "    <tr>\n",
       "      <th>yr_renovated</th>\n",
       "      <td>0.007273</td>\n",
       "    </tr>\n",
       "    <tr>\n",
       "      <th>lat</th>\n",
       "      <td>0.087661</td>\n",
       "    </tr>\n",
       "    <tr>\n",
       "      <th>long</th>\n",
       "      <td>0.005355</td>\n",
       "    </tr>\n",
       "  </tbody>\n",
       "</table>\n",
       "</div>"
      ],
      "text/plain": [
       "               Rsquared\n",
       "floors         0.039654\n",
       "bedrooms       0.084849\n",
       "bathrooms      0.238156\n",
       "floors         0.039654\n",
       "sqft_living    0.380203\n",
       "sqft_above     0.298243\n",
       "sqft_basement  0.060771\n",
       "sqft_garage    0.071796\n",
       "sqft_patio     0.100619\n",
       "sqft_lot       0.007393\n",
       "yr_built       0.011235\n",
       "yr_renovated   0.007273\n",
       "lat            0.087661\n",
       "long           0.005355"
      ]
     },
     "execution_count": 30,
     "metadata": {},
     "output_type": "execute_result"
    }
   ],
   "source": [
    "comp = ['floors','bedrooms','bathrooms','floors','sqft_living', 'sqft_above','sqft_basement','sqft_garage','sqft_patio', 'sqft_lot',\n",
    "        'yr_built', 'yr_renovated','lat','long']\n",
    "Rsquaredcomp(clean_houses,'price',comp)"
   ]
  },
  {
   "cell_type": "code",
   "execution_count": 31,
   "metadata": {},
   "outputs": [],
   "source": [
    "# Dropping columns with low individual R^2\n",
    "clean_houses = clean_houses.drop(columns=['date','sqft_above','sqft_basement','sqft_garage','sqft_patio',\n",
    "                                              'sqft_lot','waterfront','greenbelt','nuisance','condition',\n",
    "                                              'heat_source','sewer_system','state','yr_built',\n",
    "                                              'yr_renovated','address','lat','long','floors'])"
   ]
  },
  {
   "cell_type": "code",
   "execution_count": 32,
   "metadata": {},
   "outputs": [
    {
     "name": "stdout",
     "output_type": "stream",
     "text": [
      "<class 'pandas.core.frame.DataFrame'>\n",
      "Int64Index: 29244 entries, 0 to 30154\n",
      "Data columns (total 10 columns):\n",
      " #   Column       Non-Null Count  Dtype  \n",
      "---  ------       --------------  -----  \n",
      " 0   id           29244 non-null  int64  \n",
      " 1   price        29244 non-null  float64\n",
      " 2   bedrooms     29244 non-null  int64  \n",
      " 3   bathrooms    29244 non-null  float64\n",
      " 4   sqft_living  29244 non-null  int64  \n",
      " 5   view         29244 non-null  object \n",
      " 6   grade        29244 non-null  object \n",
      " 7   city         29244 non-null  object \n",
      " 8   zipcode      29244 non-null  object \n",
      " 9   yr_sold      29244 non-null  int64  \n",
      "dtypes: float64(2), int64(4), object(4)\n",
      "memory usage: 2.5+ MB\n"
     ]
    }
   ],
   "source": [
    "clean_houses.info()"
   ]
  },
  {
   "cell_type": "code",
   "execution_count": 23,
   "metadata": {},
   "outputs": [],
   "source": [
    "#clean_houses.loc[clean_houses['id'] == 1233100736]\n",
    "#checking to make sure that the duplicate is gone"
   ]
  },
  {
   "cell_type": "code",
   "execution_count": 22,
   "metadata": {},
   "outputs": [],
   "source": [
    "#Rerunning the corr to see if anything has changed, whoops have to dummy many variables\n",
    "#clean_houses.corr()"
   ]
  },
  {
   "cell_type": "code",
   "execution_count": 33,
   "metadata": {},
   "outputs": [],
   "source": [
    "cat_df = pd.get_dummies(clean_houses,columns=['view','grade','city','zipcode'])"
   ]
  },
  {
   "cell_type": "code",
   "execution_count": 34,
   "metadata": {},
   "outputs": [
    {
     "data": {
      "text/html": [
       "<div>\n",
       "<style scoped>\n",
       "    .dataframe tbody tr th:only-of-type {\n",
       "        vertical-align: middle;\n",
       "    }\n",
       "\n",
       "    .dataframe tbody tr th {\n",
       "        vertical-align: top;\n",
       "    }\n",
       "\n",
       "    .dataframe thead th {\n",
       "        text-align: right;\n",
       "    }\n",
       "</style>\n",
       "<table border=\"1\" class=\"dataframe\">\n",
       "  <thead>\n",
       "    <tr style=\"text-align: right;\">\n",
       "      <th></th>\n",
       "      <th>id</th>\n",
       "      <th>price</th>\n",
       "      <th>bedrooms</th>\n",
       "      <th>bathrooms</th>\n",
       "      <th>sqft_living</th>\n",
       "      <th>yr_sold</th>\n",
       "      <th>view_AVERAGE</th>\n",
       "      <th>view_EXCELLENT</th>\n",
       "      <th>view_FAIR</th>\n",
       "      <th>view_GOOD</th>\n",
       "      <th>...</th>\n",
       "      <th>zipcode_98338</th>\n",
       "      <th>zipcode_98354</th>\n",
       "      <th>zipcode_98372</th>\n",
       "      <th>zipcode_98387</th>\n",
       "      <th>zipcode_98422</th>\n",
       "      <th>zipcode_98663</th>\n",
       "      <th>zipcode_99202</th>\n",
       "      <th>zipcode_99203</th>\n",
       "      <th>zipcode_99223</th>\n",
       "      <th>zipcode_99403</th>\n",
       "    </tr>\n",
       "  </thead>\n",
       "  <tbody>\n",
       "    <tr>\n",
       "      <th>0</th>\n",
       "      <td>7399300360</td>\n",
       "      <td>675000.0</td>\n",
       "      <td>4</td>\n",
       "      <td>1.0</td>\n",
       "      <td>1180</td>\n",
       "      <td>2022</td>\n",
       "      <td>0</td>\n",
       "      <td>0</td>\n",
       "      <td>0</td>\n",
       "      <td>0</td>\n",
       "      <td>...</td>\n",
       "      <td>0</td>\n",
       "      <td>0</td>\n",
       "      <td>0</td>\n",
       "      <td>0</td>\n",
       "      <td>0</td>\n",
       "      <td>0</td>\n",
       "      <td>0</td>\n",
       "      <td>0</td>\n",
       "      <td>0</td>\n",
       "      <td>0</td>\n",
       "    </tr>\n",
       "    <tr>\n",
       "      <th>1</th>\n",
       "      <td>8910500230</td>\n",
       "      <td>920000.0</td>\n",
       "      <td>5</td>\n",
       "      <td>2.5</td>\n",
       "      <td>2770</td>\n",
       "      <td>2021</td>\n",
       "      <td>1</td>\n",
       "      <td>0</td>\n",
       "      <td>0</td>\n",
       "      <td>0</td>\n",
       "      <td>...</td>\n",
       "      <td>0</td>\n",
       "      <td>0</td>\n",
       "      <td>0</td>\n",
       "      <td>0</td>\n",
       "      <td>0</td>\n",
       "      <td>0</td>\n",
       "      <td>0</td>\n",
       "      <td>0</td>\n",
       "      <td>0</td>\n",
       "      <td>0</td>\n",
       "    </tr>\n",
       "    <tr>\n",
       "      <th>2</th>\n",
       "      <td>1180000275</td>\n",
       "      <td>311000.0</td>\n",
       "      <td>6</td>\n",
       "      <td>2.0</td>\n",
       "      <td>2880</td>\n",
       "      <td>2021</td>\n",
       "      <td>1</td>\n",
       "      <td>0</td>\n",
       "      <td>0</td>\n",
       "      <td>0</td>\n",
       "      <td>...</td>\n",
       "      <td>0</td>\n",
       "      <td>0</td>\n",
       "      <td>0</td>\n",
       "      <td>0</td>\n",
       "      <td>0</td>\n",
       "      <td>0</td>\n",
       "      <td>0</td>\n",
       "      <td>0</td>\n",
       "      <td>0</td>\n",
       "      <td>0</td>\n",
       "    </tr>\n",
       "    <tr>\n",
       "      <th>3</th>\n",
       "      <td>1604601802</td>\n",
       "      <td>775000.0</td>\n",
       "      <td>3</td>\n",
       "      <td>3.0</td>\n",
       "      <td>2160</td>\n",
       "      <td>2021</td>\n",
       "      <td>1</td>\n",
       "      <td>0</td>\n",
       "      <td>0</td>\n",
       "      <td>0</td>\n",
       "      <td>...</td>\n",
       "      <td>0</td>\n",
       "      <td>0</td>\n",
       "      <td>0</td>\n",
       "      <td>0</td>\n",
       "      <td>0</td>\n",
       "      <td>0</td>\n",
       "      <td>0</td>\n",
       "      <td>0</td>\n",
       "      <td>0</td>\n",
       "      <td>0</td>\n",
       "    </tr>\n",
       "    <tr>\n",
       "      <th>4</th>\n",
       "      <td>8562780790</td>\n",
       "      <td>592500.0</td>\n",
       "      <td>2</td>\n",
       "      <td>2.0</td>\n",
       "      <td>1120</td>\n",
       "      <td>2021</td>\n",
       "      <td>0</td>\n",
       "      <td>0</td>\n",
       "      <td>0</td>\n",
       "      <td>0</td>\n",
       "      <td>...</td>\n",
       "      <td>0</td>\n",
       "      <td>0</td>\n",
       "      <td>0</td>\n",
       "      <td>0</td>\n",
       "      <td>0</td>\n",
       "      <td>0</td>\n",
       "      <td>0</td>\n",
       "      <td>0</td>\n",
       "      <td>0</td>\n",
       "      <td>0</td>\n",
       "    </tr>\n",
       "    <tr>\n",
       "      <th>...</th>\n",
       "      <td>...</td>\n",
       "      <td>...</td>\n",
       "      <td>...</td>\n",
       "      <td>...</td>\n",
       "      <td>...</td>\n",
       "      <td>...</td>\n",
       "      <td>...</td>\n",
       "      <td>...</td>\n",
       "      <td>...</td>\n",
       "      <td>...</td>\n",
       "      <td>...</td>\n",
       "      <td>...</td>\n",
       "      <td>...</td>\n",
       "      <td>...</td>\n",
       "      <td>...</td>\n",
       "      <td>...</td>\n",
       "      <td>...</td>\n",
       "      <td>...</td>\n",
       "      <td>...</td>\n",
       "      <td>...</td>\n",
       "      <td>...</td>\n",
       "    </tr>\n",
       "    <tr>\n",
       "      <th>30150</th>\n",
       "      <td>7834800180</td>\n",
       "      <td>1555000.0</td>\n",
       "      <td>5</td>\n",
       "      <td>2.0</td>\n",
       "      <td>1910</td>\n",
       "      <td>2021</td>\n",
       "      <td>0</td>\n",
       "      <td>0</td>\n",
       "      <td>0</td>\n",
       "      <td>0</td>\n",
       "      <td>...</td>\n",
       "      <td>0</td>\n",
       "      <td>0</td>\n",
       "      <td>0</td>\n",
       "      <td>0</td>\n",
       "      <td>0</td>\n",
       "      <td>0</td>\n",
       "      <td>0</td>\n",
       "      <td>0</td>\n",
       "      <td>0</td>\n",
       "      <td>0</td>\n",
       "    </tr>\n",
       "    <tr>\n",
       "      <th>30151</th>\n",
       "      <td>194000695</td>\n",
       "      <td>1313000.0</td>\n",
       "      <td>3</td>\n",
       "      <td>2.0</td>\n",
       "      <td>2020</td>\n",
       "      <td>2021</td>\n",
       "      <td>0</td>\n",
       "      <td>0</td>\n",
       "      <td>1</td>\n",
       "      <td>0</td>\n",
       "      <td>...</td>\n",
       "      <td>0</td>\n",
       "      <td>0</td>\n",
       "      <td>0</td>\n",
       "      <td>0</td>\n",
       "      <td>0</td>\n",
       "      <td>0</td>\n",
       "      <td>0</td>\n",
       "      <td>0</td>\n",
       "      <td>0</td>\n",
       "      <td>0</td>\n",
       "    </tr>\n",
       "    <tr>\n",
       "      <th>30152</th>\n",
       "      <td>7960100080</td>\n",
       "      <td>800000.0</td>\n",
       "      <td>3</td>\n",
       "      <td>2.0</td>\n",
       "      <td>1620</td>\n",
       "      <td>2022</td>\n",
       "      <td>0</td>\n",
       "      <td>0</td>\n",
       "      <td>0</td>\n",
       "      <td>0</td>\n",
       "      <td>...</td>\n",
       "      <td>0</td>\n",
       "      <td>0</td>\n",
       "      <td>0</td>\n",
       "      <td>0</td>\n",
       "      <td>0</td>\n",
       "      <td>0</td>\n",
       "      <td>0</td>\n",
       "      <td>0</td>\n",
       "      <td>0</td>\n",
       "      <td>0</td>\n",
       "    </tr>\n",
       "    <tr>\n",
       "      <th>30153</th>\n",
       "      <td>2781280080</td>\n",
       "      <td>775000.0</td>\n",
       "      <td>3</td>\n",
       "      <td>2.5</td>\n",
       "      <td>2570</td>\n",
       "      <td>2022</td>\n",
       "      <td>0</td>\n",
       "      <td>0</td>\n",
       "      <td>0</td>\n",
       "      <td>0</td>\n",
       "      <td>...</td>\n",
       "      <td>0</td>\n",
       "      <td>0</td>\n",
       "      <td>0</td>\n",
       "      <td>0</td>\n",
       "      <td>0</td>\n",
       "      <td>0</td>\n",
       "      <td>0</td>\n",
       "      <td>0</td>\n",
       "      <td>0</td>\n",
       "      <td>0</td>\n",
       "    </tr>\n",
       "    <tr>\n",
       "      <th>30154</th>\n",
       "      <td>9557800100</td>\n",
       "      <td>500000.0</td>\n",
       "      <td>3</td>\n",
       "      <td>1.5</td>\n",
       "      <td>1200</td>\n",
       "      <td>2022</td>\n",
       "      <td>0</td>\n",
       "      <td>0</td>\n",
       "      <td>0</td>\n",
       "      <td>0</td>\n",
       "      <td>...</td>\n",
       "      <td>0</td>\n",
       "      <td>0</td>\n",
       "      <td>0</td>\n",
       "      <td>0</td>\n",
       "      <td>0</td>\n",
       "      <td>0</td>\n",
       "      <td>0</td>\n",
       "      <td>0</td>\n",
       "      <td>0</td>\n",
       "      <td>0</td>\n",
       "    </tr>\n",
       "  </tbody>\n",
       "</table>\n",
       "<p>29244 rows × 181 columns</p>\n",
       "</div>"
      ],
      "text/plain": [
       "               id      price  bedrooms  bathrooms  sqft_living  yr_sold  \\\n",
       "0      7399300360   675000.0         4        1.0         1180     2022   \n",
       "1      8910500230   920000.0         5        2.5         2770     2021   \n",
       "2      1180000275   311000.0         6        2.0         2880     2021   \n",
       "3      1604601802   775000.0         3        3.0         2160     2021   \n",
       "4      8562780790   592500.0         2        2.0         1120     2021   \n",
       "...           ...        ...       ...        ...          ...      ...   \n",
       "30150  7834800180  1555000.0         5        2.0         1910     2021   \n",
       "30151   194000695  1313000.0         3        2.0         2020     2021   \n",
